0.112573,
0.114858,
0.141031,
0.142750,
0.147216,
0.147402,
0.150564,
0.151072,
0.153862,
0.156975,
0.156978,
0.157505,
0.163938,
0.164629,
0.165309,
0.166550,
0.170679,
0.171638,
0.173416,
0.178729,
0.179952,
0.181538,
0.183592,
0.185986,
0.187174,
0.187475,
0.187548,
0.191329,
0.191340,
0.193926,
0.196012,
0.198580,
0.199008,
0.199498,
0.200055,
0.201024,
0.201759,
0.204318,
0.205134,
0.207071,
0.207710,
0.209306,
0.210380,
0.210876,
0.211173,
0.211992,
0.212005,
0.212116,
0.212649,
0.213266,
0.213696,
0.214525,
0.214768,
0.216881,
0.218175,
0.219018,
0.219216,
0.219342,
0.219717,
0.220912,
0.229145,
0.229720,
0.233011,
0.234334,
0.234413,
0.234752,
0.236081,
0.237168,
0.238079,
0.239557,
0.240801,
0.245053,
0.249481,
0.250555,
0.252268,
0.270473,
0.274228,
0.282030,
0.282300,
0.284645,
0.289569,
0.290240,
0.291402,
0.292747,
0.298025,
0.299906,
0.301144,
0.301612,
0.303442,
0.304695,
0.311471,
0.316898,
0.317513,
0.319064,
0.320507,
0.321579,
0.323970,
0.327780,
0.331194,
0.332294,
0.334042,
0.337707,
0.338860,
0.339640,
0.341057,
0.348795,
0.351962,
0.353034,
0.359046,
0.360448,
0.360660,
0.361486,
0.361525,
0.367963,
0.369841,
0.372327,
0.376088,
0.377234,
0.378211,
0.381887,
0.382645,
0.386308,
0.389436,
0.389927,
0.390239,
0.391991,
0.392685,
0.393707,
0.395648,
0.395863,
0.396555,
0.397252,
0.404868,
0.407799,
0.409619,
0.410137,
0.412238,
0.413043,
0.413689,
0.415470,
0.418756,
0.425677,
0.426210,
0.426983,
0.430735,
0.431104,
0.432216,
0.432800,
0.439150,
0.444774,
0.445694,
0.446872,
0.447220,
0.448698,
0.451405,
0.458908,
0.459592,
0.460426,
0.460866,
0.463743,
0.464827,
0.469320,
0.472166,
0.472965,
0.473080,
0.473375,
0.482105,
0.484766,
0.485107,
0.485179,
0.487307,
0.495512,
0.496688,
0.502644,
0.503118,
0.505632,
0.506766,
0.510529,
0.512133,
0.512739,
0.513316,
0.514243,
0.517507,
0.519618,
0.520663,
0.523622,
0.526883,
0.529605,
0.530762,
0.540037,
0.541979,
0.551089,
0.553845,
0.554903,
0.558765,
0.559497,
0.559987,
0.563279,
0.566576,
0.568239,
0.571688,
0.572385,
0.573906,
0.574237,
0.575933,
0.578334,
0.578997,
0.580168,
0.580747,
0.581294,
0.581744,
0.582221,
0.582303,
0.587655,
0.588465,
0.590511,
0.596828,
0.598671,
0.599305,
0.604693,
0.604815,
0.610220,
0.610770,
0.612281,
0.615577,
0.617435,
0.621889,
0.624252,
0.628715,
0.631056,
0.631656,
0.636099,
0.636629,
0.636940,
0.639617,
0.645558,
0.647017,
0.647338,
0.649919,
0.654560,
0.656020,
0.657316,
0.658040,
0.659399,
0.660061,
0.665362,
0.667007,
0.667425,
0.673728,
0.680462,
0.683273,
0.686430,
0.687258,
0.689528,
0.690785,
0.691898,
0.701403,
0.704292,
0.706547,
0.707892,
0.710057,
0.718009,
0.723336,
0.725359,
0.726271,
0.729808,
0.733661,
0.733765,
0.735337,
0.739038,
0.742089,
0.745056,
0.747466,
0.751514,
0.751565,
0.754110,
0.754731,
0.764989,
0.766532,
0.768090,
0.769952,
0.769975,
0.771121,
0.771827,
0.774453,
0.777399,
0.777559,
0.778325,
0.778773,
0.779424,
0.780564,
0.782012,
0.785689,
0.785990,
0.788618,
0.789254,
0.791680,
0.793631,
0.794820,
0.794855,
0.801845,
0.801845